              precision    recall  f1-score   support

ЖКХ и аренда       1.00      0.94      0.97        33
    Зарплата       1.00      0.94      0.97        33
    Здоровье       0.89      0.94      0.91        33
   Косметика       1.00      0.94      0.97        33
     Кофейни       0.88      0.88      0.88        33
      Одежда       0.90      0.85      0.88        33
     Подарки       0.97      0.88      0.92        33
    Подписки       0.97      0.91      0.94        33
  Подработка       0.97      0.94      0.95        33
    Продукты       0.80      0.85      0.82        33
 Путешествия       0.92      1.00      0.96        33
 Развлечения       0.94      0.94      0.94        33
   Рестораны       0.94      0.94      0.94        33
       Связь       1.00      0.97      0.98        33
       Спорт       1.00      0.94      0.97        33
   Транспорт       1.00      1.00      1.00        33
       Учёба       0.97      0.97      0.97        33
   Хозтовары       0.72      0.94      0.82        33

    accuracy                           0.93       594
   macro avg       0.94      0.93      0.93       594
weighted avg       0.94      0.93      0.93       594
